0.10601792048124448
0.12918224760875385
0.12591874239125397
0.09629699804382097
0.12540637434792154
0.1098462246577229
0.11871445903417992
0.1133363152084278
0.1315082586965984
0.11894942805731443
0.18883026310517864
0.12517943339464493
0.11818909625189497
0.08733576644703192
0.16365516328265528
0.12116356960798738
0.09269191860164075
0.17268782359012494
0.13841191733639943
0.14197026947210015
0.13288695593121508
0.13282833698593965
0.14197214149360918
0.09076621312271033
0.193175739321213
0.09636206372998604
0.09758636381607212
0.12072944677559515
0.1273934484663637
0.16880045473679844
0.11109724326036383
0.14400267267615846
0.14211002721925958
0.16109406684853073
0.09155260845148537
0.08598848544782878
0.11002611661683338
0.2407814934970179
0.16850015114237593
0.11371262512870968
0.10512266623473646
0.1219163278803514
0.20245256680414492
0.11728039059315785
0.17957988666223226
0.07456098033888894
0.10579609890067206
0.11598091183643758
0.09582993465011531
0.14388152788644087
0.08915732790577693
0.1279820562256377
0.14890355603097072
0.1716907605713396
0.10596197602189289
0.11643490724610361
0.15187222513244494
0.1412574587617843
0.0920936130168645
0.1681307947267938
0.08547219360620392
0.15951542615874797
0.1846556005023248
0.09301949778386769
0.12387619477054594
0.17742763766681
0.09029189909960314
0.20156734509294139
0.12413385820962411
0.11684726658165114
0.1529019168996646
0.10313513837395814
0.082012321528764
0.09322066770541933
0.14867298035502466
0.1269459477740675
0.1334747937163013
0.13633883533291125
0.15337262440061447
0.14721080849951226
0.13025535037517702
0.10255780528521428
0.10327742143445723
0.11178145103762625
0.07572079949368425
0.1698981060837773
0.1263964398511792
0.13086210352205827
0.10234505006621547
0.0982781299197486
0.20041911390900377
0.10419785849227572
0.15891550075763325
0.08842567713518659
0.19082356923773894
0.0952874882247319
0.10145529274649262
0.12362182640925728
0.10933899053242514
0.10466610887780871
0.19075318499847072
0.10866566208900723
0.12800019498489165
0.12275049363839402
0.1308713584800713
0.10802875120552216
0.1427733620907407
0.15171824507453632
0.099348338401782
0.11580072375790326
0.150692050835821
0.08093401475903532
0.17255929847072904
0.11290613463964316
0.10161199600959592
0.08750141728032505
0.09947589177857961
0.13258805090822018
0.08246932762650673
0.19014815190115372
0.09523671952293945
0.17987392571149946
0.09377579364159305
0.11410212749069815
0.12229789565070687
0.08961899561065644
0.13561852470879304
0.11596739975261829
0.16337760826909048
0.12302993996791566
0.07665785277359985
0.1423692504137502
0.1345850597632604
0.07283586579332167
0.12713054229326412
0.15881861793786042
0.13521565628833992
0.11895195961393432
0.09507422994660006
0.1498798155586746
0.08406854332764034
0.09527281031520457
0.14093603509816147
0.12124203699353049
0.11834272428350788
0.11432340970063368
0.07271014199234384
0.09428053416866908
0.11432711542501621
0.17040451476217605
0.09294952431748359
0.0902657976491255
0.08701293527019395
0.11273160419128143
0.16222407738722155
0.09425463096361623
0.10353632453786786
0.084672824372311
0.15215412666556866
0.12501530369789282
0.08019075562241408
0.11489916208643737
0.12034417955875586
0.10121886444742527
0.10877339045766035
0.11770445664005633
0.13096191186481285
0.10841458571428017
0.11643490724610361
0.11209820377170414
0.13253675499110454
0.10330111619771297
0.10588808004275096
0.0888145428835225
0.10553690089790557
0.10190049523706442
0.07125022576046612
0.14475047631438365
0.11448809769938072
0.14467499453254057
0.09313991988370218
0.13135463778890757
0.14656983585614322
0.09160123964171205
0.08924409336987965
0.10771596755609944
0.12250076596507838
0.12526219758422388
0.09394554731932828
0.12331822685826722
0.15549284926868862
0.15754263829417653
0.10761848161720128
0.11048334021447725
0.12045889023415421
0.13031151617961434
0.09713427877668758
0.13793716777141452
0.13755312580012446
0.09999415316566175
0.12806544014248367
0.12998313509486276
0.10771003299631601
0.13059238137096993
0.11809260837648762
0.148945924345633
0.09281332839682009
0.165635704577083
0.10246831630006821
0.12446721887077465
0.13238749382365933
0.1354730513040039
0.13486022937036085
0.12772585361269986
0.13685772030820156
0.0968035863029258
0.10851328246466528
0.10187473346806787
0.12576660684904098
0.1462591227024574
0.12002681367237583
0.13145355002991807
0.12402032541241115
0.14529649553574292
0.1267061372311563
0.19982762615194594
0.18281633811846135
0.1094945480066738
0.23446171725188156
0.14859098079606176
0.10002766942087371
0.1088570461384206
0.1254993959485728
0.08254310337420727
0.159214715802017
0.08547219360620392
0.0851186541414249
0.14026529607088323
0.12058687974738352
0.20454799507520136
0.12110580501698885
0.08550611330629727
0.06855111248493038
0.165315971521725
0.11440091528778017
0.10697709212102939
0.1070258457613925
0.11680018131860395
0.1250964525628704
0.10935877408484664
0.14251962458623338
0.1597585582651987
0.09572501009607388
0.14062925851095884
0.09816351834874802
0.09336265822254233
0.11303528410085935
0.17932120872098037
0.08890350050663187
0.2268024356007526
0.09386277500163363
0.0919379862271621
0.16122274827402
0.1357081431108942
0.08547102744292258
0.10578115511294023
0.12844151844674256
0.1306621867927086
0.19690190140784936
0.15637933049105537
0.08363438740897916
0.10105719136692973
0.09853559363699155
0.1262277454383494
0.1708802809401638
0.10774271230867223
0.10967396713484599
0.17332121615662122
0.10801846560526684
0.09301949778386769
0.11567569863960717
0.09481624233919209
0.12910716307909254
0.11586301855790948
0.11538189277323171
0.08887467244884187
0.13016387889673026
0.1033691365482771
0.08184744159754251
0.10958675558545002
0.08325605314912878
0.11795387554407827
0.08905766745525952
0.10393988372775584
0.13666551895903647
0.13357779650288967
0.10308876548982893
0.10857474239005654
0.1631983043665035
0.09851424889098026
0.19394510065665005
0.12108553428329306
0.1408344653598086
0.12793393591818494
0.13085158560392635
0.09668392467992055
0.11339466407122598
0.16339888906829517
0.09491668325974269
0.20570061802501288
0.1660344600505472
0.15088921050232096
0.15473260178503234
0.11479752472275792
0.19067144332007935
0.12971808782088098
0.09028620291159271
0.1074130773798258
0.13404566530741013
0.14410774255748818
0.09553768058520166
0.08537696982848655
0.13050402043525933
0.1058158361451214
0.16962248774990926
0.09289161966530778
0.09613323890226197
0.1447746858468097
0.11755770364631343
0.11497925912635565
0.10055358110145166
0.11540150105240593
0.13678887237311457
0.1506611142814144
0.15684540424814686
0.1289843134946358
0.08149238142422306
0.08704230133098062
0.12310120101080102
0.10204365530864856
0.09758006903486523
0.20876440275488925
0.14153944953164918
0.1153762289426475
0.1186434092106747
0.09410956708079467
0.1085374507574819
0.1391855165092467
0.20014480837389811
0.07853697606226658
0.12947198416549366
0.11264649757655239
0.1337921822910709
0.08930407654860952
0.11090961851344232
0.103356871685235
0.11074471360675948
0.1121718160392459
0.10619971460340419
0.1843500456084114
0.12686738337867456
0.13432555044740066
0.1149891646677921
0.09414578859627877
0.1299268093330395
0.15567125113843674
0.11451550764667702
0.13322684858082673
0.10539878105678074
0.13505464462869693
0.13954472983162525
0.10066085672135151
0.18919191871490035
0.08731982697763635
0.13404874548385337
0.09498950388341432
0.1541262699217024
0.08301723281043616
0.12454012589605755
0.12391676462078687
0.14650320373201592
0.16087875287677045
0.12154652718785725
0.15337594828433915
0.0899952467440554
0.11256980074601117
0.08347960155079188
0.12309349584453033
0.16361879429919912
0.08983212914793022
0.11086154554211612
0.10391190893385711
0.09406038632697737
0.11656619168501621
0.12078381577550139
0.11302905409459875
0.11002611661683338
0.11746738423514158
0.10611866173236209
0.0972542873986238
0.16122455793582274
0.17550443988766065
0.114939449484789
0.1219163278803514
0.17125862315822063
0.20245256680414492
0.09234637465976603
0.07989182078421606
0.1055088019962359
0.12904227803380602
0.1318739982590603
0.09945763831784733
0.2040315526215675
0.10553122025572176
0.11534504759325756
0.1103477148357628
0.09582993465011531
0.0968873885407236
0.1109514714135721
0.12299489219857564
0.12869063522989146
0.09087909446396555
0.1373577189898837
0.1012058783411292
0.15144693503783788
0.0906120641242791
0.11563864545350207
0.12271933895785417
0.10813591073076956
0.14593612257674254
0.11425448444788845
0.1286628953280208
0.09402299684845418
0.11034205869488213
0.1026538711573869
0.10596318526706591
0.08747944788703142
0.08863504168370438
0.13267175876730428
0.15187222513244494
0.10594522171124107
0.07812606064976868
0.13114932538067448
0.10271321187873907
0.12163068543113892
0.1430661840432443
0.10575718149866489
0.12972238651880474
0.1283270093420587
0.08448487143520181
0.09831864458914512
0.12707714384478094
0.08596923721199207
0.1519623151900844
0.09322066770541933
0.11506581074830398
0.1093241094494086
0.08433468204879459
0.11895818528906582
0.13884996588178763
0.09436165554930981
0.10539878105678074
0.1366474474629016
0.12002852153269346
0.11336281892951171
0.11583062892160323
0.10255780528521428
0.1026538711573869
0.08283065239905224
0.10447463089503219
0.09972011467860252
0.10487769317260741
0.15332883958789975
0.10265292212885936
0.0891629091635186
0.09878085645704376
0.11167307541872551
0.1252462297962509
0.14090124009579688
0.16085790011719606
0.15256474332481346
0.13769236354149197
0.07685810076111178
0.18381521936366538
0.13902111769893954
0.11229568839988738
0.11175822305476031
0.16421305727210866
0.10216401824116142
0.09774706621869841
0.19427895790300498
0.0957198854734588
0.07663933518910289
0.1259819014662138
0.10895836160516353
0.10865982336611114
0.1450447647895717
0.10661423172981246
0.13773694676893364
0.1583180634659825
0.1376712281927681
0.09977584088287127
0.12242993896285222
0.1438519995253462
0.08315612444617794
0.08802255958049857
0.18415519614555662
0.1701803046274892
0.08640866568063817
0.08597774048618546
0.144813545147663
0.09878999783508371
0.11670460596964434
0.1013994688190866
0.08163778988080361
0.09533267790802562
0.1322850270770034
0.14072935093196884
0.10442307363829041
0.16460761121397172
0.12124203699353049
0.09690577263799678
0.11192732100924735
0.10281859726801042
0.08717187562171062
0.0872684211130185
0.0992636076190045
0.12378470992527403
0.08294377455350223
0.13900328658988842
0.11089103059370332
0.14289752302478254
0.1000128168061127
0.15355790393672708
0.12180214552224357
0.11900395779759815
0.10746680722063269
0.12440073530006418
0.13353790030125828
0.2235526385649792
0.12229476965077495
0.09913914156492329
0.08924409336987965
0.09031364250841782
0.10697551230147694
0.09949049259177713
0.10357562589100568
0.13764175372630194
0.13755312580012446
0.12071534909181922
0.11524470681921917
0.12300181036853487
0.12887268529106055
0.11389127144098092
0.13757920032321136
0.10260027593412419
0.2009850675695935
0.07822401809110373
0.1042620034069851
0.13483866065014577
0.148945924345633
0.126332600120152
0.165635704577083
0.10778634110475085
0.14053228434352724
0.12090558926659054
0.1546637152397399
0.09427080918355722
0.13400162436656501
0.13685772030820156
0.18772056557319056
0.09641345400143858
0.15260307067132697
0.08968679816431849
0.12834803164160316
0.1190383088043403
0.14970979586745636
0.1075258940241764
0.14907034957612275
0.14828419465556258
0.1411994526229461
0.08214858274376877
0.1383946761890882
0.16197679642843765
0.11284004617782864
0.08168373256810717
0.1108475937290311
0.10567208429901766
0.09920773946562134
0.11801150229832151
0.16400451398717983
0.08761417163076227
0.1325546977932637
0.27288316282742814
0.19943713130236349
0.14918605147554279
0.13627794631493542
0.10161140904077824
0.11359677782558553
0.11380156551308752
0.13569584127611656
0.11938646680357066
0.1707676164894153
0.15562733886481375
0.10513660268832681
0.09447747853428244
0.11951402630276736
0.088801579845497
0.1317986586160049
0.17990989780711528
0.08792565690843883
0.16562171120458422
0.13385046253724003
0.08313920508275885
0.11960164706732389
0.12144804063101963
0.13672479404357427
0.13807319672409107
0.14134644700563342
0.10731980115716186
0.09491668325974269
0.11028474131416029
0.08783031299755115
0.11590391754123622
0.13335266115702488
0.0856345740677235
0.15174329308681372
0.14992335072923868
0.17117523596546866
0.15937968792642648
0.09577256571584716
0.0749372159084254
0.1680157792561387
0.09890657614303815
0.15078499722168148
0.12001708904956206
0.11622664992132538
0.12076867213376224
0.09003866016039565
0.17304939451652654
0.15250033740586472
0.13322684858082673
0.12321232259314947
0.11107221946361794
0.1107008081758997
0.09774706621869841
0.08115616594292892
0.12061620108797544
0.13518732344587414
0.11170495176334357
0.17696399005030014
0.10300405776111381
0.1308337067073567
0.13036949557158056
0.13075898723866297
0.12314328043039095
0.14402697391284594
0.08718372034796895
0.10464575855684613
0.15740194668630303
0.10756124558891202
0.15458308840692608
0.1104397136433389
0.1836602880640058
0.07966957770860865
0.13687426330119862
0.10843962455550421
0.1497703271249131
0.13555617877038037
0.11509980125745647
0.07826015489094663
0.23518888012836683
0.16060012308350932
0.11280661828233196
0.10833043372053246
0.12596616013882905
0.10238883852086154
0.11884148398644491
0.09199457382755626
0.13320551070846573
0.14498912887321158
0.11866517494369982
0.09229519960723614
0.1137098830305837
0.14341951196661357
0.09489302079639556
0.11611986517487254
0.098327105855886
0.1523795065243614
0.17826767489880344
0.13756182713949874
0.13176788154684507
0.08794337748063685
0.14805843554937492
0.17201057522748117
0.09298627246816152
0.08148018704400421
0.2126132480660221
0.06597663767922365
0.12544548263536032
0.11177951356486997
0.10215835586926685
0.09504418484357068
0.2162514200734737
0.08456079078720645
0.08060324133144965
0.07629392881493001
0.11688604017387312
0.08326668887452757
0.11858746495431782
0.14049628317272078
0.13548521821457288
0.14692644923990458
0.11228591430717795
0.11024921311660657
0.08467194911827995
0.09257795545724076
0.0862680552237165
0.07251567426466402
0.09568671370851103
0.17816056423499482
0.07363750908739013
0.12179307555330073
0.08692879929830148
0.07166270855623517
0.16247603709954073
0.16512664433571383
0.10661665908608037
0.08715017181723399
0.12305866058240497
0.10960684129623882
0.07118893273706936
0.09389080272363315
0.12269923450167594
0.10298315509230767
0.0910946193370667
0.09577415821754276
0.10015255265911778
0.08151056503818611
0.08969538864486826
0.12128095660288853
0.10381215944299825
0.08832336170275135
0.10197926258452085
0.08097566075963541
0.13993956115986375
0.10545484697154171
0.0941530184260922
0.10892415876301376
0.1431654211068159
0.0778234342833039
0.07193149799043085
0.11096858594474865
0.08341401963001777
0.2954266662382091
0.07860072627632203
0.13685650034440247
0.08351928023615912
0.08171449128911583
0.11603404548819225
0.18727660415097475
0.13571009917311885
0.07797585790729185
0.1963708734863164
0.12647577946927957
0.13096588409403417
0.10545524697156279
0.111157813704167
0.14736208179362428
0.17044819116746693
0.1093140664827299
0.09177719909979849
0.1518619322814078
0.11884258087708582
0.09543913851319134
0.09756885748071915
0.10374704352815295
0.08793399838073841
0.12355212006534345
0.10922461397425488
0.09454626719659658
0.08885059090104191
0.10307791254800987
0.08239054649845684
0.10360199130532079
0.08396407571498625
0.0896247948333818
0.12060516743766128
0.11004150053563842
0.08613615688028806
0.08961899561065644
0.08841635086721641
0.1022563496929909
0.07259732554977126
0.14462358929641914
0.06908742949642249
0.09182307264005232
0.09189797859589152
0.08257204838937818
0.08981323403606188
0.10595123691487662
0.10795710001105135
0.09015672387499093
0.13333809813385933
0.09079271507829578
0.08029595068710428
0.11503852156159451
0.11216576441731105
0.07711037388578267
0.1536577343295417
0.09739385118932707
0.09286248231852762
0.10817045005481438
0.14985899946209047
0.1435311524849272
0.11485252316097894
0.09295663268618004
0.14512141002317605
0.13494720300836274
0.06687375942426639
0.10613969455792747
0.12163753018008293
0.11528294209979409
0.11229011211068267
0.07533999723280016
0.0934184846716844
0.11448809769938072
0.08729451639777445
0.09583536466871768
0.18894933793292865
0.10575324954685372
0.10566281517315688
0.07355751081058481
0.12504309533484692
0.10478437921760284
0.11459610479846734
0.1556180060007111
0.11318404806518041
0.08924795821029768
0.15598532108696855
0.08384205892254112
0.10773794275808554
0.15171399991478648
0.08927736916538703
0.0787219942045336
0.09995066762047448
0.11832371502488824
0.08684125856391268
0.12557068133135085
0.08003598371900511
0.13163627195542685
0.09235761440214796
0.09833819787667568
0.14812441630950304
0.11765960676670724
0.10398465586127668
0.11354190609036359
0.0906584528156183
0.11239042623351858
0.09699826441049744
0.08471729893069087
0.0866318021088008
0.096320857855031
0.12103251675361182
0.0948029269822081
0.08199463102636606
0.14523766675462563
0.0871182537688639
0.10345252554315933
0.08111781893639415
0.08934695610319139
0.10752076958428149
0.1631014763891914
0.08361324112128331
0.08040555411222555
0.1342801339320494
0.12382566740190377
0.13014604612899083
0.14227810968660562
0.09748378314736443
0.10367807468007656
0.11160247370068377
0.08391895625843676
0.10150423997675999
0.0689174751154394
0.1152918686551198
0.10021051332140934
0.13048665388760777
0.12013147508319813
0.13110172680283871
0.18805109755819616
0.07315058233605776
0.12603699858678977
0.08630543366731748
0.13885026817443769
0.08474591972055334
0.16379627644201358
0.08491486337312468
0.09300770695538699
0.08812168710948666
0.11127221012006229
0.10517081594605082
0.0972043711618727
0.09980198583763304
0.14465760935204985
0.0876257598401204
0.09184214085889986
0.10866431976675658
0.08846324417177445
0.0955056093679389
0.08699443721261799
0.0966806926626948
0.14093603509816147
0.1394589931625185
0.1046075896721196
0.08211321900944339
0.10535795798460376
0.0894856508736523
0.0791566344219544
0.08971319334243259
0.07300276778679074
0.09691404431382207
0.11730234484439712
0.08756030328781857
0.1297626752595848
0.12454200460204104
0.09142667520333948
0.07998755270631094
0.08823334429669942
0.15142125338264575
0.06966156710823607
0.10679884418073135
0.11537665022449377
0.1060421421267862
0.11039424877644603
0.14972467594148245
0.08725625791780196
0.0909780647903997
0.12279839517521808
0.1491737611611524
0.09619374868403836
0.10758710605440863
0.08893673945804893
0.09136504159848644
0.08315884627931214
0.089683912013456
0.08828644336893043
0.08344967770759272
0.11347076835892383
0.08726624609547408
0.08433100557202679
0.15736533860707028
0.09314114310516765
0.11489352652487048
0.07497337580526761
0.08247397292816104
0.10410300467783577
0.1509319394239318
0.1175646699095388
0.16167856481679382
0.11774107531417062
0.10098411699383572
0.11468165279458468
0.10374444109389859
0.10337207337925286
0.12545657905702795
0.11258331676866257
0.08717187562171062
0.09743885100277289
0.09409009248084911
0.09307362843182937
0.08663485055904516
0.09330868863951816
0.1364452466604453
0.09183741846792744
0.11824758741709386
0.09986270411265413
0.10055358110145166
0.09926891256399578
0.09012783095761957
0.09612018935010773
0.08468128133514086
0.09247830238425177
0.22010272606676487
0.09197910792015632
0.09475556988311708
0.10927424754670995
0.08130762740265213
0.10325592383027911
0.10395827535785644
0.10116116687644904
0.09504853019150332
0.08638446002872914
0.1298780992344476
0.15065421113964536
0.19963099332983095
0.095480458657797
0.12088232081821272
0.14937238112780973
0.13253675499110454
0.10207645500983505
0.11318512560638541
0.09898728383434247
0.19083014189169073
0.15852786206626637
0.12202946137213201
0.22008940073780006
0.21089064630127263
0.12028208411679694
0.16271640768432966
0.11156570237526818
0.10764218156329414
0.0960050918310392
0.12089496837387637
0.1311414105391538
0.1178126553071503
0.17096158490124633
0.23735661440854774
0.17289020864528254
0.12090558926659054
0.09337852789252117
0.1080912428864553
0.11744404512590303
0.13485705076013174
0.07730400447276589
0.09837652248094407
0.1516333121869186
0.10616568050241999
0.1229381076796482
0.14783670527244863
0.08009354392408158
0.11832455110400458
0.1462591227024574
0.15028861986752926
0.10097092563340304
0.13687909593599146
0.14599761028476532
0.13882144956786002
0.10929879413596448
0.10029058051241752
0.20406278319157656
0.15032618077381044
0.15560815067241565
0.12471569711744154
0.11026344395101566
0.09171643401314733
0.10781739415155239
0.09739355350631858
0.11088674974122097
0.3780561129435195
0.112735006836416
0.17796377788192988
0.08391125743842573
0.14538405506681115
0.08988041975191965
0.10336955390211423
0.14541405439136126
0.13228129494609014
0.09744823271573476
0.08168373256810717
0.14120612995840923
0.09615053332611066
0.17937652816722885
0.10295421122824822
0.11079522686749885
0.1252220650927388
0.10932271939019562
0.11801150229832151
0.11000668884970381
0.12691999335791163
0.12456155962796903
0.09825308377527979
0.0882743496309771
0.13823051955096985
0.20438442889165692
0.1085450939300693
0.17573862388033903
0.1427526564020316
0.140193987334666
0.13603837492501017
0.1725389088076627
0.1199460879138047
0.12934673787402307
0.09661699323715278
0.16670229534326922
0.18862514453298582
0.10696580094147946
0.16949989912250496
0.08780458975513049
0.10337591903818605
0.11389718564940349
0.14889893856941033
0.11994294045703059
0.18528279818819998
0.1018980394432475
0.12420304947630735
0.1185609753780927
0.11586301855790948
0.11961458057262978
0.08887467244884187
0.15083464497894628
0.13168171304371673
0.17670785344440018
0.1200344005287948
0.11037543498819194
0.10176173850445248
0.08677483897244376
0.12978964161094736
0.19345010489205405
0.09844873703986486
0.34880130112832103
0.1112854631775504
0.13510327932228763
0.09425495216706728
0.1321918182400485
0.1367470799039354
0.15297271434876059
0.12387211548858565
0.09758636381607212
0.10488435355573764
0.12853910756616785
0.13511571933062755
0.09771018703458405
0.09300901478446326
0.11279334950107998
0.1077940123588669
0.11448657883847603
0.11839330997848382
0.11424137551776169
0.15420778271658866
0.13309701146203293
0.14968449030994324
0.13768327663842522
0.20156810029246605
0.14928931164586515
0.1065626874646136
0.11828251698138569
0.10319398254321027
0.10231574071676684
0.15973545146641957
0.18336966819397862
0.15759270412368592
0.13793689865755415
0.11979169918419151
0.12835085741812008
0.11408870697603048
0.10421586805460101
0.16206337958110545
0.11354026959585777
0.12017468038304412
0.21101417035151826
0.13126186185515562
0.18406292829636262
0.08819510526188576
0.15182774412822314
0.11065360185610687
0.22433465714118742
0.09253699480845627
0.10334706054486405
0.11935372313620743
0.22023948553915668
0.19978106464950884
0.15586147450965632
0.11398252085697655
0.1141179662671995
0.11702606679901385
0.19343823215589068
0.20827862140783918
0.16545994073880152
0.08550829540003087
0.1686331765842299
0.11070021955240843
0.23776658087163483
0.175769498729274
0.12157814875174407
0.17236767895006627
0.12757719165207113
0.11636722024735573
0.13631398219241797
0.12804328204638987
0.16570137010070907
0.1178524149416926
0.09737896057617498
0.15956719958587015
0.1547791168779666
0.11084485901170917
0.15963561961995595
0.1563645156692083
0.16157529521626118
0.13050864163663833
0.11254343052217362
0.17129746386251374
0.08273050595564913
0.11720244221552198
0.11683201383654365
0.12428248194133579
0.13263949800948355
0.10497377906872093
0.14438480746573212
0.15454429804507633
0.10075883781013206
0.08215291857071134
0.123927274312322
0.16394943475272755
0.11187407802543943
0.09838644311664224
0.18365063971917514
0.10975864416955028
0.144817230867752
0.1355677556202473
0.10307845410005534
0.11211057003229849
0.12313433805158559
0.13049653697188024
0.10837175995795059
0.09379831362228079
0.2082160875981295
0.15803271785063092
0.08887016962368506
0.13029622777716135
0.14420568235283096
0.12932041831122126
0.17131398661541614
0.12787008094462401
0.1051050739663124
0.09681694801953887
0.13594232829250877
0.13108392662169824
0.16566405850224436
0.20853274426090215
0.12319900475412678
0.1510336057118447
0.09003866016039565
0.14393557434252668
0.17401547397430508
0.13643602213544806
0.10793349024598252
0.1047732445532956
0.10401437405938836
0.10494593453282094
0.12008318831837825
0.12612616124270468
0.17172848355574694
0.1250176550502828
0.08863504168370438
0.0990137435181123
0.15951542615874797
0.13523466519882182
0.11077836633716283
0.13011682349503054
0.09727060511045604
0.09059485886460356
0.10211152037834648
0.19787518354592437
0.07488408445666678
0.17550443988766065
0.12657896654929032
0.20167013189035976
0.0903948926758455
0.11178145103762625
0.10494681046789178
0.12470776692918789
0.1459762068044711
0.07145007860540374
0.11338395751992895
0.09131906114714075
0.12386935574168328
0.10773527857975801
0.14402697391284594
0.11522515105294753
0.10466610887780871
0.12275049363839402
0.1350909300825429
0.1186449627274421
0.22521792471099186
0.1019143547249291
0.0884331226450961
0.1979776342393451
0.09841661774280325
0.14653082582748228
0.10817045005481438
0.09195926191247275
0.15282264182875238
0.10650612018717374
0.22782614926610317
0.1611070434508193
0.11001707538332285
0.13433620624294568
0.09399136041330178
0.10624726292921885
0.10481528406462713
0.11877341556329765
0.07508077883456714
0.13798050926006472
0.11409033133828331
0.11653412806419301
0.08406854332764034
0.10899417595734551
0.16780173082912805
0.14180751474631
0.10503352152849732
0.09428053416866908
0.11795781125743258
0.1178391645513207
0.1034716727208639
0.2505010734902828
0.23777159560803396
0.10236519631673018
0.11343697921602922
0.10034471004304407
0.17443169325160646
0.11179326337158749
0.08685115519663995
0.12916568759706068
0.17285092795594853
0.38000896772466203
0.09344955804928823
0.15299574471107635
0.12322054399118902
0.12031616754417165
0.09292266419298746
0.14230043762336214
0.1319901888116163
0.14937238112780973
0.13000598954997405
0.10841458571428017
0.10584960473436189
0.1564623022643436
0.1733932279761679
0.09537114295905591
0.11209820377170414
0.13599004894618116
0.06826935139600848
0.10453930460883253
0.11547969100262967
0.10622429277642914
0.10135279526077057
0.1572437151273795
0.0872757964934514
0.15379686772500956
0.15901720971750366
0.08876228591205315
0.10484636602539275
0.0815969268358006
0.09645340773651966
0.10202374018574553
0.08690394909518366
0.12686237920333013
0.16348713947643614
0.09313991988370218
0.10245804614231536
0.23342088422536472
0.09495585509643742
0.11760280092843177
0.13913169648324705
0.11961630978032443
0.14250534199008122
0.11673086182385159
0.17198571956156736
0.10071309032566927
0.13628159003546259
0.0803538417595179
0.11141213177888133
0.13379804700974374
0.0739063837333911
0.11323204370390065
0.10681561754046118
0.09713427877668758
0.12218480180584769
0.09194975274151498
0.1274425944657511
0.12300181036853487
0.09795998732389158
0.20594869686030476
0.1138671708820648
0.11481997646069944
0.1593202260293416
0.12923190270152016
0.13799723714857753
0.09026987818983664
0.11156570237526818
0.08068178909181206
0.1448700643594659
0.20982335640139335
0.18661302067490618
0.09085563960987511
0.11361251736991654
0.11887836096566447
0.12330111843561357
0.14196805257620215
0.13351506544601638
0.11742742624529884
0.0958899940402602
0.12775897494728167
0.10910114976119076
0.16883190705591627
0.12083569187328191
0.12017773412978805
0.13238749382365933
0.0867241446667419
0.11783183668846305
0.12856556726019944
0.099120771126398
0.1096462671767778
0.1265878296269194
0.13970530338775158
0.1525115038410664
0.1308750932648401
0.0791922353401195
0.09164710365144525
0.10989636122879769
0.18332026830491355
0.14811420979954423
0.14913899268608458
0.10686320211721195
0.12572482204424706
0.11835601384920605
0.1195838412797853
0.0947805060799068
0.14104344921065204
0.10632474182430225
0.11775289916147794
0.11015385068304345
0.14713849187428998
0.11291152198099962
0.146052223430103
0.08443905473746541
0.14198602541904135
0.1573088083009235
0.1590997985080127
0.09817236866189437
0.0973114865607204
0.12098492403689079
0.08009354392408158
0.09141685926573372
0.23371031847562426
0.09814964941395901
0.1396770827918616
0.1178890858364245
0.14211002721925958
0.10140915288681704
0.1585367728090319
0.13037413976006676
0.11879232268508907
0.11111088873918523
0.10010028515075288
0.12466678918042472
0.20147789268357955
0.14197283753439233
0.1134550106375154
0.0801883448881145
0.24787924297833894
0.10444197507454767
0.14448274769003738
0.1107434712356293
0.14859098079606176
0.10276479473465927
0.15267232007545012
0.11230272405031544
0.0966854949514886
0.21714346543373259
0.10355363777182902
0.21222066205085263
0.08779774375665837
0.2147129849548408
0.12984620417310627
0.11974390094252182
0.1731417851097246
0.11542564934165157
0.1196391913746181
0.09544122499585152
0.1674912666339185
0.0851186541414249
0.17899531201327623
0.08709408520124899
0.12819892235234742
0.1182881173909521
0.11296476338577327
0.11526992645730286
0.1430173682584652
0.20183347455825476
0.10793729007037815
0.11892063462740411
0.09124405705419328
0.14736439261855738
0.10018677188325999
0.18880257037756468
0.09026151803483114
0.13176623941870236
0.10053365613821214
0.13183663679259566
0.13617277727108867
0.09969559866889818
0.1288807908690439
0.10229167141432027
0.11916679352004804
0.14085802242986967
0.13710389892554248
0.15517352485328959
0.11316300692036678
0.06855111248493038
0.2723907631392484
0.09030938609575473
0.14428480264859864
0.14934918269584652
0.11440091528778017
0.16922000037344934
0.12810676945786417
0.07824322620497783
0.07784005682401647
0.1252220650927388
0.17054038886732628
0.08419656033653165
0.17888749222514508
0.15007794472675454
0.17926675915300264
0.12611999807347307
0.16735211110997475
0.09150895761267772
0.08484879972507989
0.15905642906032047
0.1753215220966195
0.11458910837069045
0.09915835937321475
0.09300770695538699
0.09992866899247184
0.1000519848971948
0.12031311927332948
0.13035291734046245
0.12519928176248193
0.12396891803920798
0.1422915301849394
0.13398060483515978
0.13821886071183456
0.12929690928623114
0.10571936092949172
0.10745469372442373
0.3167028692011166
0.1402042037687182
0.14536504642606632
0.14638543119117733
0.23026060104345542
0.15602543467012447
0.11035154419164611
0.08727998292132996
0.09434175370102625
0.11027980618261711
0.09129810064336852
0.12827167737256778
0.1495213911972227
0.14767968400227824
0.1328186523348034
0.15432960598341508
0.08619356495389704
0.1351444974751815
0.13655357701237303
0.09394874888105192
0.1176091036616716
0.15652252107359296
0.11982115177925934
0.09136368639370018
0.1420372341244878
0.14561533357783377
0.1290481432082097
0.1070128646247345
0.10105719136692973
0.10573621190486138
0.11359677782558553
0.1262277454383494
0.18084290074392087
0.0985339398574879
0.11986710187291276
0.09650752860070709
0.12430596869162905
0.09716298245427296
0.09866034673303835
0.21980565502525382
0.10861491027845162
0.16755445622533394
0.11697610414217507
0.11894997060626372
0.10801846560526684
0.1580017856246882
0.10470427939753885
0.161375347552433
0.12925033009947898
0.16115451618460871
0.12270182146892626
0.1321768308579952
0.14515594266693027
0.14342101538083274
0.12691908535711358
0.09925537243956914
0.11545530044372125
0.11961458057262978
0.2407814934970179
0.13795563084240361
0.15597936193864834
0.09798830489564986
0.12290587483709238
0.15559515170537383
0.10625842527520563
0.13244636559631923
0.11398242898391356
0.1226325703305574
0.17670785344440018
0.13897287198390887
0.09286908356004618
0.10461130276018697
0.11589956014008554
0.1200344005287948
0.12214607706473768
0.10443795717870714
0.14968787079028845
0.13172385072659026
0.13015457597003788
0.15931449527583127
0.16013827459802943
0.12604750463073042
0.13873081748363528
0.11176856862918423
0.09368076630948433
0.12446913698635254
0.12467050970566179
0.0842329501659848
0.09626421853862557
0.15937143846472432
0.13510535655981093
0.11284823026471594
0.10036807492759417
0.0811307873662411
0.07763752374272115
0.1381411374256457
0.10142224065388526
0.08642612308198559
0.1520747868560596
0.10226390303877192
0.10393988372775584
0.08921134687188176
0.08859213446795612
0.08279930295146837
0.1060421421267862
0.1942464929619405
0.1350231634134053
0.15564604475669155
0.12032636735257642
0.10340372044467278
0.1243904624988048
0.11591726744438814
0.10151295113876593
0.08169449737329999
0.12905803955055672
0.09054485166298747
0.13264089334865659
0.11933127272242183
0.10924600284537847
0.10665882004163495
0.09074738042109393
0.10927683833528279
0.1627534810030828
0.10120721145786672
0.1567201198878935
0.12093904625813336
0.11494509725950254
0.11874679080572503
0.14796540798016652
0.12793393591818494
0.12119204451404952
0.19329676035136922
0.14100117740096627
0.11752719363939058
0.10825155353349074
0.1796871553670422
0.08393250272809244
0.14167588694405514
0.09822361327156695
0.1037079272162588
0.09448795033453837
0.13014287062719607
0.11279334950107998
0.12151638092885705
0.08170595162070925
0.14023326870943273
0.09760361762294345
0.14694461581061413
0.12062078706315166
0.10007881835606795
0.1154181872028321
0.09778978370476124
0.13192460203892128
0.08729935053977705
0.16038916877399617
0.09976847993219239
0.16943841680530305
0.13449818083691178
0.1813179804359101
0.1458479971633833
0.10968201118425457
0.10825811695538452
0.11385647658904927
0.09048795095249226
0.1843885340992858
0.1267236263526171
0.08853763457317385
0.11872526911761122
0.10948136251522293
0.1383574939529476
0.17097477177934098
0.10898378480438939
0.09941777269346316
0.10092799085330828
0.1284167631909533
0.14606200548842396
0.10388005087324108
0.19309815110679296
0.14477514140415676
0.14466070328514946
0.06748055694990401
0.1533543547451489
0.11412185462902834
0.0926702760505928
0.16776992054664344
0.12742164344835596
0.10102887525369637
0.12749115584889026
0.09230396181561551
0.1527834781984975
0.16026333619833352
0.06983915278675722
0.20919542109659817
0.11481715220349312
0.1039092866002457
0.08401761042415472
0.09384277277435356
0.1121674179326651
0.14894534032511603
0.0986510707093351
0.09761112219951554
0.13731133186738254
0.2240494289136165
0.1710098188825825
0.12817464236762408
0.14398976010783116
0.129508206254539
0.14449952929623866
0.15391295374506492
0.12220333801320009
0.1378278108906175
0.1599098823998494
0.0966314687272031
0.16654829486719555
0.10550400481557061
0.1892118978457234
0.26573749508979505
0.1131863034062019
0.15007304394759471
0.1675818948749793
0.11177012903283987
0.10680799302408377
0.0981302068463677
0.09180493877868663
0.1101798520725639
0.08099636200650744
0.1339658841248616
0.10131298830742759
0.12371931754628314
0.17051304768182354
0.11888717006727456
0.09616869221857488
0.1127975395566728
0.18100480834533153
0.13152508493928625
0.09688363789271752
0.1020480546905514
0.0961760114795425
0.11567378755015849
0.12809245796465202
0.16052381133963056
0.11705358608831598
0.1268606942618327
0.11436597123491601
0.13273525355257218
0.17208693504796937
0.1992245455605642
0.12158451172133383
0.10760100697261539
0.11884541698775374
0.14546207997993968
0.1978786784945532
0.1151956751112523
0.12250988862202544
0.11816704881933794
0.10762041954141557
0.12369973527196913
0.12171640301917723
0.18479270069184256
0.20614893904177725
0.09569578794400516
0.12385893692668194
0.16232387603922635
0.15034330536189305
0.17845959887139154
0.10905959556136442
0.12043640977625125
0.1320782850507039
0.14805342089626733
0.11102423582869819
0.12875767820535824
0.09628632994974345
0.1266459306549936
0.12615674136133734
0.12896558095914937
0.11360072339114387
0.1169748065705109
0.16526078088181903
0.14294456706674746
0.09637803444990277
0.11337933053842766
0.08638446002872914
0.11005047297245184
0.11488273007876328
0.19997711866354007
0.11285060794199903
0.11961158197067868
0.08737149984171845
0.18967513364522243
0.11556237136625094
0.15156866219807552
0.0968873885407236
0.12205596747366826
0.1465268771034366
0.181293712044205
0.1533764236563131
0.149921096231618
0.1414284524164619
0.17129746386251374
0.08273050595564913
0.09685871467408286
0.09507197425356985
0.16101974605706265
0.1721416048531016
0.15004879434997548
0.11622664992132538
0.14176889104013418
0.1742555180741107
0.08757949867039751
0.13263949800948355
0.10527870415396344
0.19973157068730182
0.18741090355161036
0.11471636496001901
0.18191145554561935
0.09682910010790433
0.11752759717017808
0.15396994115460697
0.11132595968396931
0.1322057275416506
0.11168301242525974
0.12738596116189163
0.13814514971817834
0.10234740776380583
0.09443431149891617
0.19828010816535596
0.1384489610928498
0.16190069679576435
0.13593817092143284
0.1636336475930709
0.17120021330295263
0.1477878907658961
0.12166930465906053
0.14427770532652384
0.15855842960581762
0.14789394971945008
0.12396294641685625
0.13049653697188024
0.12669002423681333
0.11802469926042931
0.1431098922816482
0.1197488495224499
0.1826718567982815
0.10198180069614071
0.14363365904984846
0.14123970319284984
0.101452698948299
0.15701550765325661
0.16263073936059727
0.12128334548041178
0.2082160875981295
0.14920857206767785
0.13082257731629668
0.162014462695106
0.1228264581342637
0.17684177229276676
0.14650217654146513